[10565804_346391558872651_1808650759_n.jpg]
filters=finetune2=1,0.169591,0.064561,0.033684,00000000,0.169591;autolight=1;autocolor=1;
moddate=7f22ffccc6c3cf01
width=960
height=720
textactive=0
